Date:    2020-04-11 15:12:18
Train:   mc_Q_shield_010
Game:    Minecraft
Size:    10 x 10
Agent:   Q-Learning
gamma:   0.900000
epsilon: -1.000000
alpha:   -1.000000
n-step:  1
lambda:  -1.000000


2020-04-11 15:12:18,mc_Q_shield_010,Minecraft,10,10,Q-Learning,0.900,-1.000,-1.000,1,-1.000
Date:    2020-04-11 15:14:17
Train:   mc_Q_shield_010
Game:    Minecraft
Size:    10 x 10
Agent:   Q-Learning
gamma:   0.900000
epsilon: -1.000000
alpha:   -1.000000
n-step:  1
lambda:  -1.000000


2020-04-11 15:14:17,mc_Q_shield_010,Minecraft,10,10,Q-Learning,0.900,-1.000,-1.000,1,-1.000
